12
2
0
1
6
4
8
9
3
11
10
18
32
36
31
19
34
39
22
21
38
41
20
23
25
47
14
117
156
121
124
125
162
127
165
129
202
61
100
169
133
171
103
205
42
45
26
44
27
116
193
118
155
194
158
195
122
159
161
198
199
128
130
168
164
203
200
73
134
229
132
170
173
206
139
217
1258
1188
1457
1187
1266
1211
1260
7
5
48
37
49
40
24
46
2636
2465
13
43
16
15
28
152
153
154
119
120
157
123
160
197
126
196
163
166
167
201
99
230
172
131
228
102
207
138
212
218
191
63
204
136
176
178
183
225
226
1066
1065
1002
192
1129
2556
244
2564
3446
227
252
2531
2565
2519
2520
2539
1130
2544
2547
2518
2596
1384
259
260
256
262
299
1221
1214
1215
1216
1209
1210
1259
1316
266
267
289
290
291
1253
1206
258
274
254
255
277
270
1261
1262
1207
1208
1257
261
1315
1380
279
280
329
308
2696
350
343
288
282
283
1309
1310
1439
320
321
268
269
264
1381
1254
1255
1312
275
276
1379
450
310
334
2682
281
338
2694
2695
311
342
305
307
301
1373
2724
2742
286
287
314
315
316
151
1374
1375
295
296
297
298
566
2679
303
2703
336
330
245
340
2687
2702
335
344
2670
2540
2557
347
285
312
313
345
346
3886
1437
1438
294
351
322
323
2885
331
2678
302
326
328
300
2532
2686
332
2524
2680
2711
306
2677
253
219
309
341
304
2712
337
2693
3822
292
2725
319
2744
352
353
2701
333
2673
2675
2676
2716
2708
2671
2672
2674
2683
2685
2588
317
348
2734
2689
2690
2706
2715
2749
3823
293
2743
2757
2699
2700
2731
2709
325
327
2705
2669
284
2717
2688
2681
2704
2684
2707
2762
2741
318
2718
2719
2737
2692
2733
2770
2750
3824
2727
2698
2746
2730
2974
358
369
360
357
375
364
618
460
459
592
591
593
594
355
356
359
372
361
374
373
370
371
365
363
366
367
368
385
406
407
409
395
396
380
411
381
400
382
426
410
378
379
397
412
398
399
414
413
402
416
425
415
419
383
431
587
487
449
432
589
495
496
537
452
433
434
401
424
423
403
404
427
441
632
481
446
611
527
483
523
448
614
482
489
530
524
484
451
453
646
418
421
422
440
469
513
519
560
554
639
638
520
521
562
516
517
479
480
642
528
529
522
571
525
485
486
676
558
552
2865
514
515
2873
669
670
559
568
561
555
556
518
672
699
567
568
570
563
564
565
526
703
550
2871
2909
547
548
549
696
3023
2863
2879
553
2866
2867
2868
2861
3024
551
2887
2881
2882
2875
557
2876
3027
2886
2895
2889
2890
2919
2883
2884
3031
2862
2864
2872
2902
2903
2901
3048
3049
2877
2907
2880
2910
2938
2904
2937
3052
2870
2915
2917
2918
2911
2945
3051
3092
2922
2923
2925
2926
2952
2920
3055
3060
2869
2878
2908
2943
2939
3082
3125
3084
2913
2942
2950
2952
2944
3087
3088
3083
2941
2948
2924
2951
2972
2970
3136
3137
2955
2931
2958
2959
2960
2953
3097
3098
2905
2906
2916
2940
2914
2949
2971
2973
3124
3126
2921
2956
2957
2977
2997
2996
3130
3131
2975
2964
2984
3001
2979
3141
3179
588
613
590
616
619
620
621
610
612
641
615
644
617
647
648
649
667
668
671
675
643
674
678
677
645
679
680
695
697
698
702
700
701
705
707
704
710
706
711
3025
3026
3029
3030
3028
3033
3034
3035
3032
3038
3039
3045
3050
3053
3057
3058
3056
3062
3063
3061
3067
3068
3069
3089
3054
3095
3093
3094
3059
3099
3100
3064
3151
3086
3085
3091
3140
3138
3096
3144
3101
3142
3143
3105
3106
57
736
794
842
805
62
66
56
69
71
739
761
88
768
769
3247
841
848
849
810
108
179
214
114
115
51
185
186
883
936
737
720
721
934
888
944
740
724
725
894
868
870
770
728
729
1019
1020
903
774
775
918
966
732
52
101
233
137
107
143
216
174
65
109
110
181
148
149
67
50
112
113
221
885
886
899
733
734
735
887
943
890
946
955
765
726
741
872
869
904
898
907
799
800
747
910
911
879
961
915
748
749
750
731
975
920
1030
914
751
752
753
982
983
984
1102
930
104
74
105
106
177
182
184
243
64
208
141
142
111
188
224
1000
59
55
145
146
884
937
999
1008
756
722
723
942
889
945
954
1016
742
743
727
902
874
871
906
963
798
745
746
1027
880
912
970
971
776
778
779
1035
927
976
921
1040
780
781
782
1043
931
933
985
1103
1401
1196
1226
1192
1343
1464
1200
1201
1202
1198
1193
1238
1247
1240
1241
1234
1227
1220
925
1350
1295
1248
1249
1242
1203
1199
1042
1245
1359
1304
1297
1250
1235
1228
916
1301
1294
1360
1305
1410
924
1421
1358
1367
1277
1222
1194
1195
1190
1191
1219
1212
901
1230
1231
1232
1225
1197
1275
1268
909
1246
1239
1288
1281
1282
1283
1276
973
1237
1351
1296
1289
1290
1243
1236
981
1293
1423
1352
1353
1298
1291
1559
972
1357
1302
1368
1361
1306
1251
1244
1041
1365
1366
1303
1481
1418
1355
1113
989
1430
1431
754
755
990
1044
1045
1046
994
784
785
1172
1510
1511
1517
1054
1175
1502
1115
3488
1116
1516
1525
1119
1112
76
77
68
757
70
2428
764
760
95
86
83
832
3257
840
847
3265
777
859
860
53
78
791
788
2418
835
795
820
90
2427
833
3256
803
852
3266
808
812
3278
80
790
786
834
836
826
94
2436
3255
839
845
853
854
855
3276
3325
3329
823
828
829
3248
827
819
2457
2453
3253
3254
3262
3269
3270
3272
3271
3328
3326
822
3242
821
2433
3231
3240
2446
2421
2444
3300
3245
3308
3317
3322
3323
3319
3324
3363
3235
3288
3233
3234
3296
3232
3241
2429
2425
2422
3229
3292
825
3309
3316
3318
3356
3360
3393
2472
2455
2460
3402
2494
3339
3290
3405
3337
3297
3298
3408
3305
3295
2438
3304
2417
2450
2458
3237
3301
3310
3315
3389
3358
2658
2506
2471
2488
2470
2469
2474
2510
2511
2476
2475
3372
3373
3338
3289
3376
3341
3381
3348
3380
3303
2437
2419
3287
3293
3302
3351
3350
3414
135
232
175
210
211
144
242
940
75
140
235
180
215
223
150
948
58
72
882
935
997
998
892
900
762
763
738
951
896
897
1015
908
801
802
744
958
873
875
962
1024
772
773
730
1091
1028
881
1031
923
809
811
1099
1100
926
928
977
987
814
815
1051
1052
1053
992
1055
1056
87
231
209
236
237
189
190
1001
79
234
213
147
222
938
939
1009
81
759
995
996
1061
891
947
956
766
767
950
895
952
953
1079
964
85
843
1083
876
959
913
1023
980
804
806
807
974
919
1029
922
1032
856
858
1163
991
932
1101
1038
1168
816
863
1501
1171
1117
1118
1110
3492
89
238
239
240
241
250
251
1010
82
93
220
248
249
1063
1064
1073
787
789
1003
1004
1006
1007
1080
1017
796
797
1011
1012
1013
1014
1088
1025
91
2423
844
967
878
969
979
1161
846
850
851
1036
1092
1093
978
1049
857
813
1107
1108
1513
993
1047
1048
3282
3281
3551
3552
3553
1512
1518
1120
92
246
247
2523
2528
2529
2538
1074
97
1059
1060
1005
1062
1127
1128
1146
792
793
1067
1068
1070
1071
1072
1081
837
838
1075
960
905
1087
1152
1089
2431
2449
3260
1084
968
1086
1160
1097
3264
3267
3268
1155
1037
929
1159
3485
3273
3275
3543
3544
1109
3546
1111
3484
3280
3423
3751
867
3753
3554
1183
3556
98
1123
1124
1125
1126
2537
1137
1138
96
824
1132
1069
1134
3443
3444
3445
830
831
1131
1077
1078
1135
1136
3453
3250
3252
1139
1021
1022
1143
1144
1145
2420
2424
1147
1148
1149
1150
1096
1033
3261
3263
3471
3472
3473
1158
1095
1169
3277
3274
3479
3480
3481
3482
3483
3557
3330
3398
3368
3616
3617
3490
3555
4222
2440
2533
2522
2535
2536
3516
3509
3454
3236
3439
3440
1133
3442
3507
2555
2595
3244
3447
3448
1141
3450
3451
3452
3517
3251
3455
1140
3457
1142
3459
3460
3461
2432
3230
3463
3464
1085
3531
3532
3533
3246
3258
3259
1156
1157
1094
1104
3541
3320
3436
3735
1164
1165
1166
1167
3476
3364
3421
3805
3489
1173
3755
3491
1176
2430
2525
2526
2527
2554
2594
3573
3510
2434
2441
2534
3441
3506
2562
2563
3518
2439
3511
3512
3449
3514
3515
3508
3462
3243
3519
3456
3521
3458
3523
3524
3525
3239
3249
3528
3529
3530
3467
3596
3469
3286
3238
3314
3527
3666
3539
3540
3477
3388
3321
3535
3536
3537
3538
1039
3549
3417
3419
3437
3608
3545
3610
3611
3548
2452
2426
2521
2553
2586
2587
2626
3574
2456
2558
2559
3505
2624
3700
3581
3582
2459
3291
3504
3513
3765
3708
3589
3526
3344
3299
3520
3585
3522
3773
3597
3645
3306
3307
3809
3811
3466
1151
3468
1153
2416
2442
3591
3592
3465
3475
3789
3790
3311
3312
3784
3728
3729
3474
3676
3677
3390
3359
3792
3793
3794
3738
3739
3740
893
1270
1223
1189
1217
1218
1267
1324
1333
1278
1279
1224
1273
1274
1331
1332
957
1286
1287
1280
1337
1338
1339
1284
917
1229
1407
1344
1345
1346
1204
1292
1098
1341
1415
1416
1417
1354
1299
1252
1050
1413
1495
1424
1425
1362
1307
1300
988
1429
1422
1432
1369
1370
1363
1308
1057
1551
3879
1487
3930
1426
1371
1269
1326
1263
1264
1265
1322
1323
454
949
1334
1271
1272
1329
1330
263
437
1018
1342
1335
1336
1465
1395
1388
1340
965
1406
1471
1408
1409
1403
1396
1348
3478
1405
1479
1472
1473
1411
1404
1356
1114
1477
3880
1480
1433
1419
1412
1364
1105
1485
1486
1488
1489
1434
1420
1760
1177
1550
1494
1496
3874
1498
1435
1712
941
1205
1319
1320
1321
1386
324
535
1325
1213
1327
1328
1393
1387
1452
1720
1082
1398
1399
1400
1394
1459
1460
1792
1026
3855
3856
3849
1402
1467
1468
1808
1162
1285
3864
3857
3858
1475
1476
1372
3486
3862
3872
3865
3866
1483
1428
1768
1122
3870
4119
3873
1497
1427
1436
1832
3493
4283
3871
3881
3938
1556
1317
1318
1447
1256
1313
1314
354
574
1389
1390
1391
1456
1450
1451
1444
1784
1397
1462
1463
3841
1458
3844
3837
1800
1090
1470
3848
3913
1466
3852
3853
1816
1034
3863
3920
3921
1474
3860
1484
1824
1170
1349
3936
3929
1482
3868
1492
3494
3998
1553
3937
3882
1491
1542
3942
3935
3945
1555
1499
3830
1382
257
1376
1377
1378
1443
4292
1453
1454
3896
1448
1385
3828
3829
4300
1461
3967
1455
3842
3843
3900
3845
4308
1469
3911
3912
3850
3851
3908
3861
4316
3534
1478
3984
4161
3859
3924
3869
4332
1106
4046
3928
4113
3867
3932
3877
3622
4126
4276
3993
3875
3884
1528
3878
4063
4001
3883
1445
271
1311
1440
1441
1442
2723
2893
2627
3895
1383
4017
1449
3892
3893
4356
3838
3839
3840
4089
3835
3908
3909
4372
3710
3847
4096
4153
3915
3916
3917
4324
3470
3919
4048
3922
3923
3988
3933
1500
3542
4110
3992
3994
3931
3940
4280
1558
1178
3990
3944
4057
3939
1557
3502
1493
4127
4065
3947
4289
3950
3951
3888
3825
3826
3827
2769
2929
2655
4015
4016
2789
2790
3956
3901
4364
3902
3903
4088
4137
3899
3964
3965
4380
3846
3975
4152
3914
3971
3980
3925
4388
3718
3983
4040
3986
3987
3996
3997
4396
3670
4158
4056
4058
3995
4004
3941
4404
3614
4118
4008
4169
4003
4012
3949
4281
3630
4070
4175
4129
4075
3948
4014
2771
2772
3889
3890
3891
2779
2962
3958
4079
2798
2799
2800
2792
3957
4420
3966
4087
4136
3906
3907
3972
3973
4436
3910
4031
4144
3978
3979
4044
3981
4452
3775
4047
4104
4197
4043
4052
3989
4460
3791
3927
4120
4122
4059
4060
4005
3885
3678
4174
4064
4066
4131
4068
4013
3605
4062
4285
4121
4067
4076
4290
864
783
862
3279
865
1506
3327
3331
3400
3365
3333
3369
3362
3396
3399
3361
3394
3366
3357
3392
817
818
3487
1514
1515
1182
1534
1519
1503
4202
1520
1521
1522
1181
3563
4237
1530
1537
3283
3370
3371
4270
1180
1524
3499
3564
3335
3336
4205
4212
3624
3497
4220
1548
4249
4232
1543
4235
1546
866
3285
1505
1536
1508
1532
1539
1526
1507
1535
4248
4226
4250
3561
4228
4229
4256
4240
4268
4259
4219
4252
3284
4208
3559
3560
1529
1523
1533
1540
4203
4209
4213
4233
4217
4227
1538
4245
4224
4257
4241
4242
4216
1531
4236
3334
3401
4211
3623
3625
3562
3627
3628
4207
4215
4206
4269
4243
4251
3498
4253
4258
4225
4210
1545
4260
1547
3367
3615
1504
4272
3752
4266
4267
1549
3332
4214
4262
1509
3496
4265
4261
4221
1544
4234
4218
4271
4244
3420
3743
3679
3680
3754
3618
3619
3620
3397
3424
3687
3688
4273
3690
3691
3692
4204
4264
3495
3689
3626
3418
3395
3607
3745
3802
3746
3804
3684
3800
3744
3806
3807
3681
3682
3683
1184
1185
1058
3934
3500
3501
1186
4275
4000
4002
1490
4238
1121
1527
3694
1552
1554
4010
4279
4246
4239
4247
3558
4284
4277
4278
4230
4282
4274
4231
4291
4007
4286
4011
4254
4223
3693
3686
4071
4009
4287
1541
4255
3685
3750
3999
4073
4074
4288
3565
3566
3749
4006
3943
3629
1601
461
436
595
1560
1657
462
438
439
1609
1602
1561
1614
1615
1876
1566
1625
1610
1570
1571
1572
1573
1581
1567
1578
1587
1858
1680
1580
627
596
599
629
1871
1872
1878
1856
1859
1860
1855
1853
1656
1721
497
499
500
457
435
622
1664
1729
1658
463
1660
465
466
467
1672
1665
1603
1604
1667
1669
1564
1565
1617
1673
1618
1611
1619
1620
1623
1624
1633
1589
1574
1575
1576
1629
1630
1588
1641
1642
1582
1583
1577
1585
1586
1579
1597
1634
1590
1591
1592
1593
1594
1631
1595
1639
455
456
490
491
492
493
494
651
1736
1722
1723
1724
464
501
502
657
1744
1737
1738
1659
1605
1606
1607
1608
1688
1745
1666
1674
1612
1613
1563
1616
1696
1681
1626
1568
1569
1636
1622
1632
1649
1689
1598
1599
1628
1584
1621
1596
1761
1650
1690
1635
1600
1637
1638
1686
1713
1762
1651
1643
1644
1645
1646
1647
488
576
577
531
532
533
534
681
536
1794
538
539
540
541
542
687
1801
1802
1730
1731
1732
1661
1662
1663
1809
1753
1746
1739
1740
1668
1670
1671
1704
1697
1754
1747
1675
1676
1677
1679
1769
1705
1698
1682
1683
1684
1685
1678
1833
1714
1706
1699
1691
1692
1693
1694
1777
2059
1779
1707
1652
1653
1701
1702
575
2896
569
578
579
572
573
708
1785
1786
1787
1788
1789
580
581
714
1793
1794
1795
1796
1797
1725
1726
1949
1817
1810
1803
1811
1804
1733
1734
1735
1825
1818
1819
1812
1755
1741
1742
1743
1776
1834
1770
1763
1756
1748
1749
1751
2057
2058
2050
1771
1764
1757
1750
1759
2083
2084
2065
2060
1772
1765
1758
1767
4293
4294
2897
2898
2899
2891
2892
3036
4301
4302
4295
4296
4297
4298
2900
3042
4309
4310
4303
4304
4305
1790
1791
1997
4317
4326
4319
4312
1805
1798
1799
2003
4333
4334
1826
1827
1820
1813
1806
1807
1840
4342
1778
1835
1828
1821
1814
1815
4349
2085
4350
1843
1836
1829
1822
1823
4975
4904
2092
2093
2051
1837
1830
1831
2894
2932
2933
2934
2935
2927
2928
3065
4357
4359
4360
4361
4362
4363
2936
3071
4373
4318
4311
4369
4370
4306
4299
4646
4325
4327
4320
4313
4314
4307
4652
4341
4335
4328
4321
4315
4658
4348
1841
1842
4343
4336
4329
4322
4323
4903
4905
4906
4351
4344
4337
4330
4331
4943
4944
4957
4352
4345
4338
4339
2930
4358
2966
2967
2968
2978
2961
3102
4365
4366
4367
4425
4426
4427
2969
3108
4381
4374
4375
4376
4433
4434
4371
4701
4389
4390
4383
4384
4377
4442
4379
4707
4340
4398
4399
4391
4392
4385
4378
4713
4476
4406
4407
4400
4393
4386
4387
4477
4413
4414
4415
4408
4401
4394
4395
4942
4982
4952
4977
4416
4481
4410
4411
2963
4422
2992
2993
2994
2987
3146
4421
4430
4423
4424
4489
4490
4435
4754
4437
4438
4439
4432
4440
4441
4498
4760
4453
4382
4454
4447
4448
4505
4506
4443
4397
4461
4462
4455
4456
4504
4449
4515
4540
4405
4470
4463
4464
4457
4450
4451
4412
4478
5000
4479
4472
4465
4466
4459
4974
4976
4945
5001
5002
4409
4402
4403
623
624
625
628
597
598
631
603
1874
1864
1884
1851
1880
1850
1886
1863
1866
1891
1867
1868
1869
1917
1640
1893
1894
652
653
654
655
658
659
626
661
1907
1904
1910
630
1875
1913
1870
1912
1887
1882
1883
1911
1918
1888
1889
1890
1892
1924
1687
1915
1895
1896
1930
1695
1899
1900
1901
1936
682
683
650
656
688
689
690
662
1953
1950
1951
660
1908
1914
1903
1906
1958
1920
1909
1916
1957
1919
1925
1932
1921
1922
1923
1897
1931
1938
1927
1928
1929
1902
1937
1983
1898
1973
1935
1982
1943
1990
709
716
685
2000
1954
715
684
686
692
719
2004
1999
691
1959
1960
1956
1963
1952
1965
1966
1955
1962
1964
1926
1972
1971
1961
1968
1969
1970
1977
1978
1967
1974
1975
1976
1984
2033
1979
1980
2031
1942
1989
2041
1996
3037
3044
712
4649
3043
4648
713
2001
2002
1998
2005
718
2007
2008
2010
2011
2006
2013
2014
2009
2017
2018
2012
2020
2019
2015
2016
2025
2026
2027
2028
2022
2023
2024
2032
2034
2035
2029
2030
2038
2039
2040
2042
2048
3066
3073
3040
3041
3072
3074
3046
4650
4651
4647
4654
4655
4656
4657
4653
4660
4661
4662
4663
4659
4666
4667
4668
4669
2021
4665
4673
4674
4675
4676
4677
4672
4680
4681
4682
4683
4690
4746
4679
4686
4687
4688
4689
4697
4698
3103
3110
3107
3070
3109
4703
4704
3076
4706
4708
4709
3075
4711
4712
4714
4715
4716
4717
4718
4720
4721
4722
4723
4724
4670
4664
4728
4729
4730
4732
4739
4671
4735
4736
4737
4684
4745
4691
4678
4741
4742
4744
4847
4751
4752
3148
3104
3111
3112
4755
4756
4757
3113
4705
4761
4762
4763
4759
4765
4767
4768
4769
4710
4771
4766
4774
4775
4777
4725
4731
4719
4780
4781
4782
4783
4738
4726
4727
4787
4789
4794
4795
4692
4733
4840
4792
4743
4799
4801
4753
1700
1654
1648
1715
1708
1709
1655
1710
1773
1774
1775
2091
4919
2066
1780
1716
1717
1711
4958
2061
1781
1718
1782
2053
2054
2063
2069
4912
4913
4920
2087
2052
1838
1839
2098
2094
1845
1846
1847
2067
2071
2068
2089
4926
2072
2100
4950
4951
4983
4915
1844
4346
4347
4925
4921
4908
2088
4909
2099
4954
2095
2103
4962
4922
2075
4911
4914
4946
4417
4353
4354
4953
4988
4947
4418
4948
4985
4916
4959
4989
4984
4978
5003
4546
4482
4907
4979
5004
4419
4981
1703
1933
1934
1981
1939
1940
1941
1988
1948
1995
1719
1944
1945
1993
2118
2119
1991
2115
1985
1986
1987
1947
1994
2047
2125
1783
1992
2116
2117
2124
2126
2127
2064
2056
2121
2180
5011
5013
2132
2096
2097
2185
2074
2135
2136
2191
2076
2107
2077
2108
2078
2036
2037
2044
2045
2046
2049
4700
2055
2122
2123
2179
2181
2182
2184
2133
4910
2120
2128
2129
2130
2131
2190
2134
2070
2101
4992
2186
2193
2137
2138
2079
2104
4930
4928
2106
2201
2109
2080
2149
4931
4932
2142
4969
2209
2112
2113
4934
4935
4936
2217
2082
2157
2111
4972
5055
2163
2170
4685
2043
4694
4695
4696
4699
2183
5077
2090
2178
5007
5008
5009
5076
5014
5020
4917
5071
4956
5015
2187
5019
5085
2139
2073
4923
4924
5016
2194
2195
2196
2143
4927
2102
4993
4965
4996
2202
2204
2145
2105
4966
4995
4968
5039
4970
5047
4941
4967
4933
4998
2210
2211
2114
2233
4937
4971
4939
2225
2158
2165
4355
4747
4748
4750
5194
5010
5012
5078
4693
5191
5135
5072
5074
5075
2188
5021
4986
4987
5196
5079
5082
5083
5147
2197
4918
4960
4961
5087
5088
5091
5027
2203
4963
4964
5023
5025
5090
5033
5040
4999
4929
5031
5032
5104
5041
5176
4973
4997
5103
5169
5048
5120
5063
5111
5119
5127
5057
2234
4740
4796
4845
4749
5193
5139
5140
2189
5005
4797
5192
5073
5141
5017
5146
5084
4949
5006
5197
5080
5143
5144
5026
5092
4990
4991
5148
5151
5096
5099
5035
5024
5155
5156
5098
5166
5042
5095
5162
5163
5106
5112
2212
5034
5170
5113
5049
5184
5177
5121
5128
5316
2110
2081
2156
2198
2144
2150
5280
5281
2227
2228
2166
2283
5086
5093
2205
4940
2153
2152
5315
2160
5289
5323
2288
2175
5067
5028
5154
5036
2146
5043
2213
5183
5051
2222
2221
5059
2161
5290
5297
2169
5348
2151
2218
2226
2171
2172
2164
2235
2281
5056
2220
2159
2280
2286
2287
2167
5066
2229
5050
2219
5058
5065
5064
5282
2294
5283
5291
2173
2174
2282
2236
2237
2238
2289
2284
2291
2290
2296
2295
5285
2176
5286
2168
2297
5293
2298
5292
2285
2302
5332
2301
5299
2360
2355
2370
2371
2362
2373
2368
2357
2356
2369
2372
2363
2374
2358
2359
2379
2400
2381
2403
2385
2386
2387
2389
2390
2375
2380
2401
2402
2382
2383
2384
2404
2388
2378
2407
2395
2410
2408
2406
2398
2411
2397
2414
2498
2478
2628
2480
2598
2629
2463
2600
2633
2569
2502
2571
2501
2572
2487
2392
2396
2393
2394
2409
2412
2413
2479
2462
2597
2481
2630
2482
2499
2567
2500
2601
2464
2634
2635
2604
2485
2637
2638
2466
2504
2599
2631
2568
2483
2602
2632
2603
2570
2484
2605
2607
2657
2573
2639
2542
2575
2448
2580
3894
2606
2656
2641
2609
2577
2545
2574
2640
2643
2613
2713
349
2735
2736
2758
2714
2740
3887
2763
2726
2697
2720
2721
2739
2748
3831
272
273
2752
2753
2729
2760
2999
2745
2738
2722
2732
2751
2764
2765
2728
2759
2747
2761
2787
3952
2780
2781
2766
2775
2778
2756
2754
2767
2768
2788
3953
3954
2782
2783
2776
2777
2806
2809
2807
2804
2810
2805
2808
2845
2822
2858
2821
2820
2860
2836
2841
2840
2819
2842
2857
2856
2846
3162
2823
2854
2839
2837
2817
2838
2844
2818
2848
2855
2849
2850
2853
2826
2852
2847
3115
3207
2946
2947
3119
2954
2976
2983
2985
3173
3174
3132
2981
2982
2965
3006
3002
3184
3212
2859
2851
3166
3081
3133
2980
3180
3208
3004
3005
2991
3018
3017
3216
3176
3213
3181
2988
3189
3190
3161
2825
3117
3200
3116
3167
3114
3158
3080
3127
3134
3090
3175
3139
3188
3145
3185
3186
3149
3150
2824
3199
3160
3123
3203
3165
3122
3201
3206
3211
3177
3183
3209
3182
3187
3217
3219
3192
3193
3205
3210
3204
3214
3215
3221
3222
3223
4889
2513
2486
2541
2576
2505
2490
2489
2451
2492
2491
2512
2495
3403
3374
3377
3342
3343
3346
3347
3294
2415
2443
2454
3384
3352
2503
2445
2659
2467
2514
2611
2515
2508
2473
2507
2496
3426
3406
3378
3409
3382
3345
3411
3385
2608
2610
2660
2612
2509
2493
2517
2516
3425
3427
3429
3431
2661
2578
2615
2497
2543
2546
2548
2549
2619
2625
3637
3638
2582
2550
2590
2560
2561
2654
3701
3646
2477
2461
3568
3764
3760
3571
3653
3590
3407
3639
3576
3577
3578
3766
3661
3598
3410
3583
3584
3770
3586
3587
3716
3717
3413
3438
3720
3657
3779
3659
3781
3782
3386
3354
3816
3818
3819
3594
3797
3741
3433
3434
3727
3664
3665
3602
3603
3604
2447
2579
2614
2552
2585
4022
2645
2583
2551
2591
2592
2593
3709
3702
2620
2589
3632
3569
3570
3635
3572
3654
3375
3567
3704
3641
3642
3643
3580
3662
3379
3711
3648
3649
3650
3651
3588
3606
3349
3808
3777
3721
3722
3723
3660
3725
3412
3387
3812
3814
3593
3731
3668
3798
3353
3313
3785
3817
3786
3730
3667
3732
2642
2662
2617
2581
2618
2663
2616
2584
2648
2623
2653
2666
2650
3757
3633
3634
3699
3767
3404
3631
3503
3705
3706
3707
3644
3726
3428
3703
3575
3713
3714
3715
3652
3734
3430
3647
3769
3810
3771
3772
3724
3774
3432
3776
3813
3778
3815
3780
3595
3655
3719
3656
3787
3658
3788
2644
2646
2647
2664
2665
2668
2622
2652
2649
2667
2621
3697
3698
3756
3695
3696
3758
3759
3340
3761
3762
3763
3768
3712
2786
3832
3833
2773
2774
2755
2785
3003
4078
2797
3961
3898
3955
4020
4021
4484
4030
4143
3969
3970
4027
4028
4037
4500
3974
4095
3977
4034
4035
4108
4045
4444
3918
4039
3985
4042
4107
4201
4053
4516
3783
4055
4112
4114
4051
4165
4061
4596
3742
4166
4128
4130
4123
4132
4069
4532
3733
4054
4072
4177
4179
4180
3959
3960
3897
3834
2794
2784
2793
3009
4134
3904
3905
3962
4019
2802
4085
4548
4086
3968
4185
4090
4184
4092
4093
4556
4094
4151
4191
4098
4099
4156
4645
4564
3854
4103
4041
4106
4199
4108
4117
4633
3926
4111
4168
4170
4115
4116
4181
4641
3799
3991
4176
4178
4171
4124
4133
4077
3669
4135
4080
4081
4018
2795
2796
2803
3020
4023
4024
4089
4026
4083
4084
4141
4603
4142
4032
4033
4146
4091
4148
4149
4609
4150
3976
4097
4154
4155
4200
4157
4617
4102
4159
4105
4162
4194
4164
4109
4625
3982
4167
4049
4050
4163
4172
4173
4125
4082
2791
3963
4182
4138
4139
4140
4036
4145
4183
4147
4189
4190
4101
4186
4187
4188
4195
4196
4193
4198
3415
3391
3435
3736
3673
3737
3674
3675
3748
3671
3801
3672
3609
3803
3747
3547
3416
3663
3600
3820
3601
3795
3796
3612
3613
2989
2990
3012
3013
3014
3015
3008
3152
4429
4486
4431
4552
4496
4497
4562
4499
4493
4494
4502
4559
4612
4613
4561
4507
4445
4446
4510
4503
4511
4575
4568
4570
4524
4525
4526
4518
4582
4591
4520
4514
4468
4533
4534
4535
4527
4519
4521
4522
4469
4541
4542
4471
4536
4528
4602
4458
4543
4544
4537
4538
4467
3010
3011
4487
4488
4553
4554
3021
3019
4549
4550
4551
4495
4560
4614
4606
4571
4610
4605
4611
4566
4567
4620
4569
4615
4618
4517
4634
4619
4627
4644
4621
4578
4588
4581
4642
4574
4635
4636
4576
4586
4589
4597
4598
4590
4643
4583
4592
4593
4599
4600
4601
4594
4529
4530
4531
4492
4485
4607
4802
4604
4557
4622
4623
4624
4508
4565
4558
4630
4639
4632
4572
4509
4626
4638
4584
4631
4580
4573
4637
4629
4585
4628
4577
4513
3147
3154
3155
3156
3157
3153
4805
4806
4758
4813
4764
4817
4819
4770
4820
4773
4875
4831
4776
4772
4779
4880
4830
4837
4778
4833
4835
4788
4842
4784
4734
4841
4793
4846
5195
3220
3197
3198
4803
4851
4853
4807
4901
4859
4812
4866
4865
4818
4579
4821
4822
4824
4825
4523
4827
4879
4829
4876
4877
4834
4836
4832
4785
4786
3226
3196
3228
4856
4884
4852
4855
4894
4858
4900
4902
4864
4640
4872
4873
4823
4587
4871
4828
4874
4595
4826
4878
4883
4888
4887
4480
4545
4474
4475
4547
4539
4790
4791
4844
4798
5136
5138
4483
4843
5137
5142
5081
5145
5149
5089
5152
5153
5150
5097
5159
5160
5157
5164
5105
5107
5158
5165
5171
5173
5172
5114
5179
5178
5122
5342
4838
4839
5115
5180
5185
5186
5100
5161
2206
5167
2147
2214
2154
5123
2162
2223
5343
5060
5132
5108
5168
5174
5116
2300
5052
2293
2305
5187
5124
2304
2308
5322
2232
5357
5296
2329
5303
2336
5302
2309
5329
5288
5335
5364
5328
5334
5340
2343
5339
5402
5309
5371
5365
5395
5409
5403
5129
5130
5317
5318
5324
5344
5131
2230
5319
5320
5298
5331
2239
5330
5305
5304
5300
5345
2231
5068
5349
2303
5326
5294
5336
5188
5295
5308
2310
5346
5301
5327
2353
2354
5337
5338
5341
2344
2306
5312
5377
5313
5372
5383
5384
5417
5380
5387
5386
5419
5418
5420
5356
2279
5275
